6769.199 8042.701
6587.598 7981.774
6447.456 7918.351
6298.585 7873.238
6298.585 7834.284
6298.585 7763.370
6298.585 7736.204
6201.350 7697.812
6148.939 7660.017
6148.939 7623.980
6148.939 7579.345
6038.974 7514.409
6038.974 7496.529
6038.974 7461.072
5908.940 7407.910
5908.940 7365.152
5908.940 7350.014
5885.630 7349.110
5885.630 7325.055
5835.207 7312.267
5835.207 7289.905
5835.207 7289.905
5824.338 7281.379
5824.338 7287.832
5824.338 7280.461
5793.224 7294.547
5793.224 7272.368
5793.224 7247.810
5793.224 7247.810
5793.224 7232.720
5793.224 7232.660
5793.224 7189.666
5793.224 7192.946
5793.224 7193.412
5612.003 7168.776
5612.003 7163.110
5612.003 7136.570
5612.003 7104.417
5612.003 7073.693
5572.597 7049.369
5572.597 7049.369
5572.597 7040.524
5572.597 7024.607
5572.597 6996.878
5572.597 7019.672
5572.597 7010.832
5502.769 6965.534
5502.769 6927.906
5502.769 6932.804
5502.769 6903.028
5502.769 6903.028
5502.769 6886.728
5502.769 6853.274
5502.769 6844.466
5454.372 6809.686
5438.437 6786.075
5438.437 6760.319
5438.437 6758.994
5438.437 6750.608
5438.437 6754.862
5438.437 6762.229
5438.437 6757.781
5438.437 6760.876
5438.437 6752.021
5438.437 6768.611
5438.437 6742.782
5438.437 6761.731
5438.437 6729.996
5438.437 6717.759
5155.749 6711.010
5155.749 6702.298
5155.749 6680.244
5155.749 6661.877
5155.749 6661.877
5155.749 6621.703
4925.052 6595.081
4925.052 6591.754
4925.052 6572.498
4925.052 6574.426
4925.052 6575.261
4925.052 6565.911
4925.052 6565.911
4925.052 6565.911
4925.052 6569.581
4925.052 6574.411
4658.409 6539.750
4658.409 6539.750
4658.409 6529.491
4658.409 6495.089
4658.409 6500.023
4658.409 6483.329
4658.409 6474.652
4658.409 6469.750
4658.409 6465.043
4658.409 6475.515
4658.409 6479.727
4658.409 6480.765
4658.409 6465.365
4658.409 6465.365
4658.409 6433.494
4658.409 6433.494
4658.409 6402.888
4658.409 6366.962
4658.409 6344.093
4658.409 6322.988
4658.409 6310.138
4658.409 6318.417
4658.409 6305.608
4658.409 6301.708
4658.409 6291.355
4658.409 6259.627
4658.409 6219.121
4658.409 6184.139
4658.409 6204.510
4658.409 6205.871
4658.409 6206.477
4658.409 6206.477
4603.992 6184.092
4603.992 6172.060
4603.992 6173.441
4603.992 6170.212
4603.992 6163.271
4603.992 6121.031
4603.992 6115.532
4603.992 6078.489
4603.992 6078.489
4603.992 6086.326
4603.992 6073.728
4588.258 6044.858
4588.258 6061.894
4588.258 6035.574
4588.258 6040.993
4588.258 6013.104
4490.420 6021.714
4490.420 6004.912
4490.420 5972.928
4490.420 5972.928
4490.420 5961.372
4490.420 5938.640
4490.420 5916.082
4490.420 5914.395
4490.420 5897.839
4403.181 5866.360
4403.181 5866.360
4241.774 5835.723
4241.774 5837.711
4241.774 5819.169
4241.774 5828.560
4241.774 5814.214
4241.774 5788.656
4241.774 5757.685
4241.774 5724.797
4241.774 5687.873
4241.774 5662.610
4241.774 5633.489
4241.774 5607.618
4241.774 5567.350
4241.774 5567.265
4241.774 5557.751
4241.774 5549.766
4241.774 5549.766
4241.774 5554.067
4241.774 5559.235
4241.774 5528.046
4112.786 5477.502
4112.786 5452.936
4112.786 5436.783
4112.786 5413.369
4079.503 5369.791
4079.503 5342.194
4079.503 5328.577
4079.503 5317.889
4079.503 5310.581
4079.503 5282.115
4079.503 5262.388
3998.532 5251.441
3998.532 5242.642
3998.532 5235.348
3998.532 5238.836
3998.532 5219.053
3998.532 5206.578
3998.532 5195.999
3998.532 5195.999
3998.532 5140.987
3869.011 5096.700
3869.011 5096.700
3869.011 5055.502
3869.011 5016.010
3869.011 4978.962
3869.011 4955.953
3869.011 4923.928
3869.011 4925.859
3869.011 4925.859
3869.011 4925.859
3869.011 4889.466
3869.011 4866.296
3869.011 4850.238
3869.011 4844.598
3869.011 4813.876
3858.286 4777.518
3853.278 4737.300
3853.278 4720.196
3830.530 4697.896
3796.361 4678.370
3796.361 4644.157
3796.361 4626.733
3796.361 4608.628
3796.361 4603.926
3796.361 4603.926
3796.361 4594.563
3717.662 4579.872
3717.662 4566.397
3717.662 4566.397
3717.662 4547.157
3716.178 4520.144
3716.178 4510.420
3716.178 4485.561
3696.468 4458.016
3632.595 4431.144
3632.595 4415.788
3632.595 4398.803
3632.595 4362.242
3632.595 4342.535
3632.595 4317.060
3632.595 4284.690
3254.717 4262.757
3254.717 4243.728
3254.717 4230.426
3254.717 4214.250
3254.717 4192.802
3254.717 4171.327
3254.717 4166.560
3254.717 4141.501
3254.717 4124.707
3254.717 4097.454
3254.717 4085.896
3254.717 4082.662
3254.717 4068.589
3254.717 4059.058
3254.717 4046.544
3254.717 4047.869
3254.717 4028.585
3254.717 4025.755
3254.717 4022.667
3254.717 4001.178
3254.717 3981.724
3254.717 3977.830
3254.717 3970.979
3090.821 3944.369
3090.821 3944.369
3090.821 3922.480
3090.821 3904.171
3090.821 3885.631
3090.821 3858.766
3090.821 3845.224
3090.821 3836.740
3090.821 3815.053
3090.821 3815.053
3090.821 3800.929
3090.821 3777.217
3090.821 3746.614
3031.750 3724.649
3031.750 3706.251
3031.750 3694.665
3031.750 3683.307
3031.750 3672.130
3031.750 3655.942
3031.750 3631.708
3014.163 3606.570
3014.163 3579.109
3014.163 3564.383
2899.846 3532.785
2899.846 3520.484
2899.846 3501.571
2899.846 3469.881
2899.846 3455.835
2899.846 3434.172
2899.846 3415.375
2899.846 3391.647
2856.297 3381.914
2856.297 3366.131
2856.297 3353.582
2856.297 3340.002
2856.297 3321.209
2856.074 3307.601
2856.074 3301.035
2856.074 3293.072
2768.273 3284.497
2768.273 3284.497
2768.273 3284.497
2768.273 3266.368
2768.273 3251.989
2768.273 3251.989
2768.273 3231.158
2768.273 3215.223
2768.273 3200.696
2768.273 3180.107
2768.273 3164.954
2768.273 3152.649
2768.273 3146.886
2768.273 3130.272
2768.273 3114.462
2768.273 3100.098
2724.502 3087.557
2724.502 3075.958
2724.502 3066.178
2724.502 3051.093
2724.502 3038.168
2724.502 3038.168
2724.502 3029.989
2724.502 3029.989
2724.502 3029.989
2724.502 3021.462
2724.502 3014.186
2724.502 3007.482
2724.502 2996.457
2724.502 2985.971
2724.502 2978.226
2724.502 2978.226
2724.502 2969.671
2724.502 2957.624
2724.502 2949.815
2724.502 2938.025
2724.502 2937.850
2724.502 2937.850
2724.502 2925.996
2724.502 2914.899
2724.502 2910.290
2724.502 2900.726
2724.502 2893.306
2710.163 2886.769
2710.163 2879.024
2710.163 2874.338
2710.163 2862.324
2710.163 2854.361
2710.163 2844.663
2710.163 2835.366
2710.163 2829.583
2710.163 2829.583
2710.163 2822.911
2710.163 2814.341
2710.163 2810.938
2710.163 2799.936
2710.163 2793.948
2710.163 2792.578
2710.163 2785.961
2710.163 2785.961
2710.163 2783.070
2710.163 2779.725
2710.163 2777.501
2710.163 2775.549
2710.163 2775.549
2710.163 2774.547
2710.163 2771.208
2710.163 2768.746
2710.163 2767.854
2710.163 2765.881
2710.163 2762.144
2710.163 2762.680
2710.163 2755.901
2710.163 2755.901
2710.163 2751.752
2710.163 2748.720
2710.163 2743.389
2710.163 2739.049
2710.163 2736.140
2710.163 2732.887
2710.163 2729.328
2710.163 2727.910
2710.163 2726.296
2710.163 2725.379
2710.163 2722.861
2710.163 2721.502
2710.163 2720.584
2710.163 2719.512
2710.163 2717.261
2710.163 2715.583
2710.163 2714.445
2710.163 2714.117
2710.163 2715.515
2710.163 2714.834
2710.163 2711.701
2710.163 2714.820
2710.163 2714.677
2710.163 2714.143
2710.163 2713.964
2710.163 2713.826
2710.163 2713.826
2710.163 2713.718
2710.163 2713.718
2710.163 2713.682
2710.163 2710.378
2710.163 2710.306
2710.163 2710.306
2710.163 2710.306
2710.163 2710.271
2710.163 2710.271
2710.163 2710.199
2710.163 2710.199
2710.163 2710.199
2710.163 2710.199
2710.163 2710.379
2710.163 2711.828
2710.163 2711.828
2710.163 2711.828
2710.163 2711.828
2710.163 2711.648
2710.163 2711.648
2710.163 2712.774
2710.163 2714.291
2710.163 2714.291
2710.163 2714.291
2710.163 2714.291
2710.163 2711.716
2710.163 2711.716
2710.163 2710.163
2710.163 2710.163
2710.163 2710.163
2710.163 2710.163
2710.163 2710.163
2710.163 2710.163
2710.163 2710.163
2710.163 2710.163
2710.163 2710.163
2710.163 2710.163
2710.163 2710.163
2710.163 2710.163
2710.163 2710.163
2710.163 2710.163
2710.163 2710.163
2710.163 2710.420
2710.163 2712.558
2710.163 2710.163
2710.163 2710.163
2710.163 2710.163
2710.163 2710.163
2710.163 2710.163
2710.163 2710.163
2710.163 2710.163
2710.163 2710.163
2710.163 2710.163
2710.163 2710.163
2710.163 2710.163
2710.163 2710.163
2710.163 2710.163
2710.163 2710.163
2710.163 2711.071
2710.163 2711.071
2710.163 2711.071
2710.163 2711.071
2710.163 2711.780
2710.163 2710.872
2710.163 2710.163
2710.163 2710.163
2710.163 2710.163
2710.163 2710.809
2710.163 2710.809
2710.163 2710.809
2710.163 2710.809
2710.163 2710.809
2710.163 2713.384
2710.163 2710.809
2710.163 2710.163
2710.163 2710.163
2710.163 2710.163
2710.163 2713.853
2710.163 2713.853
2710.163 2710.163
2710.163 2710.163
2710.163 2710.163
2710.163 2710.163
2710.163 2710.163
2710.163 2710.163
2710.163 2710.163
2710.163 2710.163
2710.163 2710.163
2710.163 2710.163
2710.163 2710.163
2710.163 2710.163
2710.163 2710.163
2710.163 2710.163
2710.163 2710.163
2710.163 2710.163
2710.163 2710.163
2710.163 2710.163
2710.163 2710.578
2710.163 2710.578
2710.163 2711.049
2710.163 2710.163
2710.163 2710.163
2710.163 2710.747
2710.163 2710.747
2710.163 2713.264
2710.163 2712.681
2710.163 2713.124
2710.163 2712.681
2710.163 2710.163
2710.163 2710.163
2710.163 2710.163
2710.163 2710.163
2710.163 2710.163
2710.163 2710.163
2710.163 2710.163
2710.163 2710.163
2710.163 2710.163
2710.163 2710.163
2710.163 2710.163
2710.163 2710.163
2710.163 2710.163
2710.163 2710.163
2710.163 2710.163
2710.163 2710.163
2710.163 2710.163
2710.163 2710.163
2710.163 2710.163
2710.163 2710.163
2710.163 2711.676
2710.163 2713.189
2710.163 2710.163
2710.163 2710.622
2710.163 2711.893
2710.163 2711.893
2710.163 2711.893
2710.163 2711.893
2710.163 2711.893
2710.163 2711.893
2710.163 2710.622
2710.163 2711.080
2710.163 2711.539
2710.163 2711.988
2710.163 2710.622
2710.163 2710.622
2710.163 2711.495
2710.163 2711.495
2710.163 2711.495
2710.163 2712.367
2710.163 2710.622
2710.163 2710.163
2710.163 2710.163
2710.163 2710.163
2710.163 2710.163
2710.163 2710.163
2710.163 2710.163
2710.163 2713.180
2710.163 2710.163
2710.163 2710.163
2710.163 2710.163
2710.163 2713.763
2710.163 2713.763
2710.163 2713.763
2710.163 2713.763
2710.163 2713.763
2710.163 2713.763
2710.163 2713.763
2710.163 2713.763
2710.163 2713.763
2710.163 2713.763
2710.163 2711.180
2710.163 2710.163
2710.163 2710.163
2710.163 2710.163
2710.163 2710.163
2710.163 2710.953
2710.163 2710.953
2710.163 2710.953
2710.163 2710.953
2710.163 2710.163
2710.163 2710.163
2710.163 2710.163
2710.163 2710.163
2710.163 2710.163
2710.163 2710.163
2710.163 2710.163
2710.163 2710.163
2710.163 2710.163
2710.163 2710.163
2710.163 2710.163
2710.163 2710.163
2710.163 2710.163
2710.163 2710.163
2710.163 2710.163
2710.163 2710.163
2710.163 2710.163
2710.163 2710.163
2710.163 2710.163
2710.163 2710.163
2710.163 2710.163
2710.163 2710.163
2710.163 2710.163
2710.163 2710.163
2710.163 2710.163
2710.163 2710.163
2710.163 2710.163
2710.163 2710.163
2710.163 2710.163
2710.163 2710.163
2710.163 2710.163
2710.163 2710.163
2710.163 2710.163
2710.163 2710.163
2710.163 2710.163
2710.163 2710.163
2710.163 2710.163
2710.163 2710.163
2710.163 2710.163
2710.163 2710.163
2710.163 2710.163
2710.163 2710.163
2710.163 2710.163
2710.163 2710.163
2710.163 2710.163
2710.163 2710.163
2710.163 2711.874
2710.163 2711.874
2710.163 2711.874
2710.163 2711.874
2710.163 2711.874
2710.163 2712.908
2710.163 2712.908
2710.163 2711.197
2710.163 2711.197
2710.163 2713.094
2710.163 2714.992
2710.163 2711.197
2710.163 2711.197
2710.163 2711.197
2710.163 2711.197
2710.163 2714.121
2710.163 2711.197
2710.163 2711.197
2710.163 2711.197
2710.163 2711.197
2710.163 2712.231
2710.163 2712.231
2710.163 2712.231
2710.163 2713.108
2710.163 2713.108
2710.163 2713.108
2710.163 2713.264
2710.163 2713.264
2710.163 2712.231
2710.163 2711.197
2710.163 2711.197
2710.163 2711.197
2710.163 2712.594
2710.163 2711.560
2710.163 2711.560
2710.163 2711.560
2710.163 2711.197
2710.163 2710.163
2710.163 2710.163
2710.163 2710.163
2710.163 2713.334
2710.163 2713.334
2710.163 2713.334
2710.163 2713.334
2710.163 2713.334
2710.163 2714.085
2710.163 2714.085
2710.163 2710.915
2710.163 2710.915
2710.163 2710.915
2710.163 2710.915
2710.163 2710.163
2710.163 2710.163
2710.163 2710.163
2710.163 2710.163
2710.163 2710.163
2710.163 2710.163
2710.163 2710.163
2710.163 2710.163
2710.163 2710.163
2710.163 2710.163
2710.163 2710.163
2710.163 2710.567
2710.163 2710.567
2710.163 2710.567
2710.163 2712.551
2710.163 2712.551
2710.163 2712.551
2710.163 2712.551
2710.163 2712.551
2710.163 2712.551
2710.163 2712.551
2710.163 2710.163
2710.163 2711.996
2710.163 2710.163
2710.163 2710.163
2710.163 2710.163
2710.163 2710.163
2710.163 2710.163
2710.163 2710.163
2710.163 2710.163
2710.163 2713.510
2710.163 2717.033
2710.163 2717.033
2710.163 2720.381
2710.163 2713.510
2710.163 2710.163
2710.163 2710.163
2710.163 2710.163
2710.163 2710.163
2710.163 2710.163
2710.163 2710.163
2710.163 2710.163
2710.163 2710.163
2710.163 2711.180
2710.163 2711.180
2710.163 2711.180
2710.163 2711.759
2710.163 2711.644
2710.163 2711.644
2710.163 2710.163
2710.163 2710.163
2710.163 2710.163
2710.163 2710.163
2710.163 2710.163
2710.163 2710.163
2710.163 2710.163
2710.163 2710.163
2710.163 2710.163
2710.163 2710.163
2710.163 2710.163
2710.163 2710.163
2710.163 2710.163
2710.163 2710.163
2710.163 2710.163
2710.163 2710.163
2710.163 2710.163
2710.163 2710.163
2710.163 2710.163
2710.163 2712.346
2710.163 2712.346
2710.163 2710.163
2710.163 2710.163
2710.163 2710.163
2710.163 2710.163
2710.163 2710.163
2710.163 2710.163
2710.163 2710.163
2710.163 2710.163
2710.163 2710.163
2710.163 2710.163
2710.163 2712.878
2710.163 2710.163
2710.163 2710.163
2710.163 2710.163
2710.163 2710.163
2710.163 2710.163
2710.163 2710.163
2710.163 2710.163
2710.163 2710.163
2710.163 2710.163
2710.163 2710.163
2710.163 2710.163
2710.163 2710.163
2710.163 2710.163
2710.163 2710.163
2710.163 2710.163
2710.163 2710.163
2710.163 2710.163
2710.163 2710.163
2710.163 2710.163
2710.163 2710.163
2710.163 2710.163
2710.163 2710.163
2710.163 2710.163
2710.163 2710.163
2710.163 2710.163
2710.163 2710.163
2710.163 2710.163
2710.163 2710.163
2710.163 2710.163
2710.163 2710.163
2710.163 2710.163
2710.163 2710.163
2710.163 2710.163
2710.163 2710.163
2710.163 2710.163
2710.163 2710.163
2710.163 2710.163
2710.163 2710.163
2710.163 2710.163
2710.163 2710.163
2710.163 2710.953
2710.163 2710.953
2710.163 2710.953
2710.163 2710.163
2710.163 2710.163
2710.163 2710.163
2710.163 2710.163
2710.163 2710.163
2710.163 2710.163
2710.163 2710.163
2710.163 2710.163
2710.163 2710.163
2710.163 2710.163
2710.163 2710.163
2710.163 2710.163
2710.163 2711.043
2710.163 2710.163
2710.163 2710.163
2710.163 2710.163
2710.163 2710.163
2710.163 2710.163
2710.163 2710.163
2710.163 2710.163
2710.163 2710.163
2710.163 2710.163
2710.163 2710.163
2710.163 2710.163
2710.163 2710.163
2710.163 2710.956
2710.163 2710.453
2710.163 2710.453
2710.163 2710.453
2710.163 2710.163
2710.163 2710.163
2710.163 2710.163
2710.163 2710.163
2710.163 2710.163
2710.163 2711.357
2710.163 2711.357
2710.163 2711.357
2710.163 2711.357
2710.163 2711.357
2710.163 2711.357
2710.163 2711.357
2710.163 2710.163
2710.163 2710.163
2710.163 2710.163
2710.163 2710.163
2710.163 2710.163
2710.163 2710.163
2710.163 2710.163
2710.163 2710.163
2710.163 2710.163
2710.163 2710.163
2710.163 2710.163
2710.163 2710.163
2710.163 2710.543
2710.163 2711.328
2710.163 2711.328
2710.163 2710.543
2710.163 2712.877
2710.163 2710.163
2710.163 2710.163
2710.163 2710.163
2710.163 2710.163
2710.163 2710.163
2710.163 2710.163
2710.163 2710.163
2710.163 2710.163
2710.163 2710.163
2710.163 2710.163
2710.163 2710.163
2710.163 2710.163
2710.163 2710.163
2710.163 2710.163
2710.163 2710.163
2710.163 2710.163
2710.163 2710.163
2710.163 2710.163
2710.163 2710.163
2710.163 2710.163
2710.163 2710.163
2710.163 2710.163
2710.163 2710.163
2710.163 2710.163
2710.163 2710.163
2710.163 2710.163
2710.163 2710.163
2710.163 2710.163
2710.163 2710.163
2710.163 2710.163
2710.163 2710.163
2710.163 2710.163
2710.163 2710.163
2710.163 2710.163
2710.163 2710.163
2710.163 2710.163
2710.163 2710.163
2710.163 2710.163
2710.163 2710.163
2710.163 2710.163
2710.163 2710.163
2710.163 2710.163
2710.163 2710.163
2710.163 2710.163
2710.163 2712.345
2710.163 2712.345
2710.163 2710.163
2710.163 2710.163
2710.163 2710.163
2710.163 2710.163
2710.163 2710.163
2710.163 2710.163
2710.163 2710.163
2710.163 2711.549
2710.163 2710.163
2710.163 2710.163
2710.163 2710.163
2710.163 2710.163
2710.163 2710.163
2710.163 2712.718
2710.163 2716.469
2710.163 2713.914
2710.163 2713.914
2710.163 2710.163
2710.163 2710.163
2710.163 2710.163
2710.163 2710.420
2710.163 2710.420
2710.163 2710.420
2710.163 2710.420
2710.163 2710.420
2710.163 2710.420
2710.163 2710.163
2710.163 2710.163
2710.163 2710.163
2710.163 2712.353
2710.163 2715.953
2710.163 2715.953
2710.163 2713.763
2710.163 2718.302
2710.163 2722.737
2710.163 2725.292
2710.163 2721.863
2710.163 2721.863
2710.163 2726.299
2710.163 2714.599
2710.163 2710.163
2710.163 2710.163
2710.163 2710.163
2710.163 2710.163
2710.163 2710.163
2710.163 2710.163
2710.163 2710.163
2710.163 2710.163
2710.163 2712.048
2710.163 2712.048
2710.163 2712.048
2710.163 2712.048
2710.163 2710.163
2710.163 2710.163
2710.163 2710.163
2710.163 2710.163
2710.163 2713.550
2710.163 2713.550
2710.163 2710.163
2710.163 2710.163
2710.163 2713.555
2710.163 2720.338
2710.163 2716.946
2710.163 2716.946
2710.163 2716.946
2710.163 2710.163
2710.163 2710.163
2710.163 2710.163
2710.163 2710.163
2710.163 2710.163
2710.163 2710.163
2710.163 2710.163
2710.163 2710.163
2710.163 2710.163
2710.163 2710.573
2710.163 2710.573
2710.163 2710.573
2710.163 2710.623
2710.163 2710.623
2710.163 2710.623
2710.163 2710.623
2710.163 2710.623
2710.163 2710.213
2710.163 2710.213
2710.163 2710.163
2710.163 2710.163
2710.163 2710.163
2710.163 2710.163
2710.163 2710.163
2710.163 2710.163
2710.163 2710.163
2710.163 2710.163
2710.163 2710.163
2710.163 2713.216
2710.163 2713.216
2710.163 2713.216
2710.163 2713.216
2710.163 2713.216
2710.163 2713.216
2710.163 2713.216
2710.163 2710.163
2710.163 2710.163
2710.163 2710.163
2710.163 2710.163
2710.163 2710.163
2710.163 2710.163
2710.163 2711.936
2710.163 2715.536
2710.163 2715.536
2710.163 2715.536
2710.163 2717.308
2710.163 2710.163
2710.163 2710.163
2710.163 2710.163
2710.163 2710.163
2710.163 2710.163
2710.163 2710.163
2710.163 2710.163
2710.163 2710.163
2710.163 2710.163
2710.163 2710.163
2710.163 2710.163
2710.163 2710.163
2710.163 2710.163
2710.163 2710.163
2710.163 2710.578
2710.163 2710.578
2710.163 2710.578
2710.163 2710.163
2710.163 2710.163
2710.163 2710.163
2710.163 2710.163
2710.163 2710.163
2710.163 2710.163
2710.163 2710.163
2710.163 2710.163
2710.163 2711.426
2710.163 2713.824
2710.163 2712.561
2710.163 2712.561
2710.163 2712.561
2710.163 2712.561
2710.163 2712.561
2710.163 2712.561
2710.163 2712.561
2710.163 2714.958
2710.163 2714.958
2710.163 2714.958
2710.163 2714.958
2710.163 2716.731
2710.163 2712.561
2710.163 2712.561
2710.163 2710.163
2710.163 2710.163
2710.163 2710.163
2710.163 2710.163
2710.163 2710.163
2710.163 2710.163
2710.163 2711.426
2710.163 2711.426
2710.163 2711.690
2710.163 2711.690
2710.163 2711.690
2710.163 2711.690
2710.163 2710.163
2710.163 2710.163
2710.163 2710.163
2710.163 2710.213
2710.163 2710.213
2710.163 2710.213
2710.163 2710.163
2710.163 2710.163
2710.163 2710.163
2710.163 2710.163
2710.163 2710.163
2710.163 2710.163
2710.163 2710.163
2710.163 2710.163
2710.163 2710.163
2710.163 2710.163
2710.163 2710.163
2710.163 2710.163
2710.163 2710.163
2710.163 2710.163
2710.163 2710.163
2710.163 2710.163
2710.163 2710.163
2710.163 2710.163
2710.163 2710.163
2710.163 2710.163
2710.163 2710.163
2710.163 2710.163
2710.163 2710.163
2710.163 2710.163
2710.163 2711.306
2710.163 2711.306
2710.163 2711.306
2710.163 2711.810
2710.163 2710.163
2710.163 2710.163
2710.163 2710.163
2710.163 2710.163
2710.163 2710.163
2710.163 2711.479
2710.163 2711.479
2710.163 2711.479
2710.163 2711.479
2710.163 2711.479
2710.163 2710.163
2710.163 2710.163
2710.163 2710.163
2710.163 2710.163
2710.163 2710.163
2710.163 2710.163
2710.163 2710.163
2710.163 2710.163
2710.163 2710.163
2710.163 2710.163
2710.163 2710.163
2710.163 2710.163
2710.163 2710.163
2710.163 2710.163
2710.163 2710.163
2710.163 2710.163
2710.163 2710.163
2710.163 2710.163
2710.163 2710.163
2710.163 2710.163
2710.163 2710.163
2710.163 2710.508
2710.163 2710.508
2710.163 2710.508
2710.163 2710.853
2710.163 2710.853
2710.163 2710.853
2710.163 2711.750
2710.163 2710.853
2710.163 2710.508
2710.163 2710.508
2710.163 2710.508
2710.163 2710.508
2710.163 2710.648
2710.163 2710.648
2710.163 2710.648
2710.163 2710.648
2710.163 2710.303
2710.163 2710.583
2710.163 2710.443
2710.163 2710.443
2710.163 2710.303
2710.163 2710.303
2710.163 2710.303
2710.163 2710.303
2710.163 2710.163
2710.163 2710.163
2710.163 2710.163
2710.163 2710.163
2710.163 2710.163
2710.163 2710.163
2710.163 2710.163
2710.163 2710.163
2710.163 2710.163
2710.163 2710.163
2710.163 2710.163
2710.163 2710.163
2710.163 2710.163
2710.163 2710.163
2710.163 2710.163
2710.163 2710.163
2710.163 2710.163
2710.163 2710.163
2710.163 2710.163
2710.163 2710.163
2710.163 2710.163
2710.163 2710.420
2710.163 2710.420
2710.163 2710.420
2710.163 2710.420
2710.163 2713.453
2710.163 2713.453
2710.163 2713.453
2710.163 2713.453
2710.163 2710.420
2710.163 2710.420
2710.163 2710.163
2710.163 2710.163
2710.163 2710.163
2710.163 2710.163
2710.163 2710.163
2710.163 2710.163
2710.163 2710.163
2710.163 2710.163
2710.163 2710.163
2710.163 2710.163
2710.163 2710.163
2710.163 2710.163
2710.163 2710.163
2710.163 2710.163
2710.163 2710.163
2710.163 2710.163
2710.163 2710.163
2710.163 2710.163
2710.163 2711.017
2710.163 2710.163
2710.163 2710.163
2710.163 2710.163
2710.163 2712.250
2710.163 2710.163
2710.163 2710.163
